0 200 200 350 350
1 257.548 164.663 410.385 297.983
2 260.764 158.072 417.381 299.47
3 219.231 228.996 331.784 271.609
4 315.091 176.62 391.072 224.877
5 237.12 155.001 403.449 302.259
6 248.476 153.809 408.418 303.289
7 270.411 118.946 461.339 308.056
8 381.613 269.455 387.047 278.031
9 265.242 264.022 269.208 266.622
10 259.621 148.126 429.408 313.127
11 345.471 295.54 683.865 366.572
12 260.374 100.577 376.776 311.825
13 257.556 149.482 433.412 311.484
14 28.4861 447.61 69.825 481.416
15 234.172 220.619 380.42 339.515
16 -377.084 -169.646 442.33 305.323
17 167.044 325.517 463.36 376.989
18 -189.085 354.512 746.425 597.436
19 257.686 197.163 409.738 337.166
20 246.127 192.025 415.145 338.915
21 281.9 153.446 426.431 391.759
22 260.693 197.702 406.438 341.252
23 274.731 170.138 423.413 361.713
24 243.906 183.886 402.436 345.435
25 -269.983 46.4191 1405.25 417.54
26 367.386 307.363 386.108 382.244
27 240.807 143.639 412.563 333.525
28 249.575 312.226 308.245 415.446
29 260.463 199.669 414.614 346.097
30 178.758 219.785 529.85 254.538
31 263.971 201.946 418.93 346.036
32 271.282 185.105 436.666 347.34
33 272.73 187.263 440.316 347.104
34 274.335 199.444 430.021 349.343
35 247.423 206.209 411.484 352.65
36 193.288 -2.66079 812.53 631.744
37 71.6973 295.839 400.603 306.487
38 -583.822 -591.152 464.82 337.631
39 217.312 190.774 378.967 353.569
40 222.483 185.86 386.31 350.671
41 195.045 214.063 367.983 369.165
42 197.015 214.825 371.02 362.137
43 203.713 192.812 419.06 412.252
44 199.981 214.239 371.313 359.144
45 206.837 214.374 371.922 358.049
46 210.158 213.867 370.496 352.96
47 208.693 212.931 373.227 355.314
48 208.026 213.095 373.847 355.686
49 213.92 209.578 375.538 352.644
50 240.254 284.633 269.875 323.713
51 -21.7589 210.646 345.209 351.957
52 -340.743 294.5 455.346 422.598
53 216.838 206.707 375.424 353.2
54 -3298.92 -2567.75 384.748 370.754
55 210.576 211.858 368.065 355.853
56 247.895 148.448 408.211 342.164
57 225.706 -59.6908 1252.44 400.532
58 214.495 203.008 376.588 351.489
59 227.741 202.01 724.494 631.675
60 205.285 208.223 373.82 354.929
61 213.727 190.219 384.647 349.214
62 216.691 188.38 383.684 351.66
63 206.91 211.123 370.099 352.821
64 85.1774 32.3147 10580.0 332.195
65 -426.924 248.765 499.39 444.599
66 261.497 215.278 695.927 325.141
67 270.282 -420.28 1071.38 433.184
68 209.939 207.175 369.84 354.063
69 268.025 -150.134 805.54 413.96
70 215.513 194.235 377.878 350.671
71 112.956 218.47 368.307 433.302
72 212.134 209.104 368.465 353.962
73 207.878 208.034 367.67 355.233
74 -696.387 218.859 363.115 1203.56
75 213.599 195.632 380.556 351.07
76 193.555 179.78 375.908 366.142
77 59.7602 166.062 361.737 420.857
78 211.315 205.513 371.13 348.331
79 148.627 397.915 190.544 428.505
80 190.516 209.445 364.566 356.238
81 212.278 189.994 379.142 348.381
82 206.272 180.811 379.064 351.835
83 123.9 400.743 169.91 415.44
84 230.264 170.209 397.708 337.831
85 138.805 394.276 158.156 396.073
86 211.247 191.269 381.828 348.885
87 160.389 400.951 287.338 626.091
88 214.363 194.619 382.427 343.235
89 239.036 151.702 408.413 338.588
90 520.064 308.374 615.778 331.844
91 244.342 157.003 401.089 342.686
92 215.725 196.818 380.692 345.557
93 220.317 191.968 382.798 338.926
94 125.467 401.545 168.727 463.068
95 -138.306 164.182 365.508 615.011
96 -3.10727 262.327 754.485 364.211
97 248.139 -462.688 1194.34 368.608
98 239.682 303.85 303.869 358.926
99 195.931 212.348 367.278 354.345
100 212.249 189.997 382.135 348.781
101 -2483.89 -1900.05 380.114 373.673
